forecast_div_multiplier:
  BUXL: 1.340404262665211
  CHF: 1.000000000000016
  CRUDE_W: 1.2835637688364052
  DAX: 1.413002396103297
  EURGBP: 1.000000000000016
  GOLD: 1.4568682457337025
  NASDAQ: 1.4834696050902814
  US30: 1.342740796904405
forecast_mapping: {}
forecast_scalars:
  carry: 30.543030789326043
  ewmac16_64: 4.6521826598541525
  ewmac2_8: 13.971321533442913
  ewmac32_128: 3.158246986786237
  ewmac4_16: 9.799284357233915
  ewmac64_256: 2.20565258685557
  ewmac8_32: 6.760205909200259
forecast_weights:
  BUXL:
    carry: 0.5864874282392398
    ewmac16_64: 0.08057974465341934
    ewmac32_128: 0.16646641355367006
    ewmac4_16: 5.3277870340039545e-18
    ewmac64_256: 0.16646641355367006
    ewmac8_32: 8.709547612213753e-20
  CHF:
    carry: 0.9999999999999948
  CRUDE_W:
    carry: 0.6463982989087591
    ewmac16_64: 0.009224191578097852
    ewmac32_128: 0.17218875475657242
    ewmac64_256: 0.17218875475657242
    ewmac8_32: 1.7674232945392068e-19
  DAX:
    carry: 0.5091884450122498
    ewmac16_64: 0.11868641672257454
    ewmac32_128: 0.1300225169555286
    ewmac64_256: 0.1392225855048036
    ewmac8_32: 0.10288003580484228
  EURGBP:
    carry: 0.9999999999999948
  GOLD:
    carry: 0.5110124435745534
    ewmac16_64: 0.09303921436810453
    ewmac32_128: 0.10217317114601897
    ewmac4_16: 0.10229808109647882
    ewmac64_256: 0.11017627945379575
    ewmac8_32: 0.08130081036104839
  NASDAQ:
    carry: 0.46598985937016246
    ewmac16_64: 0.0987277498800925
    ewmac32_128: 0.10768490094834898
    ewmac4_16: 0.12332625286562132
    ewmac64_256: 0.11596499282946876
    ewmac8_32: 0.08830624410630765
  US30:
    carry: 0.5831208589224526
    ewmac16_64: 0.08349313960371785
    ewmac32_128: 0.16669300073691398
    ewmac4_16: 1.434230691681854e-17
    ewmac64_256: 0.16669300073691398
    ewmac8_32: 1.1793612860106473e-17
instrument_div_multiplier: 2.3183058707364776
instrument_weights:
  BUXL: 0.12650053573510434
  CHF: 0.05806573062456712
  CRUDE_W: 0.10436372576453685
  DAX: 0.18589523263342858
  EURGBP: 0.05806573062456712
  GOLD: 0.15471327626682405
  NASDAQ: 0.18589523263342858
  US30: 0.1265005357175426
