forecast_div_multiplier:
  BUXL: 1.3137403758733974
  CARBON: 1.0682703711225434
  CRUDE_W: 1.3531837726970224
  DAX: 1.5192118065978621
  EUROSTX: 1.4487848688388771
  GILT: 1.356208453325067
  GOLD: 1.4815819113979374
  HANG: 1.4608507717186145
  NASDAQ: 1.5496925419279417
  US30: 1.3151236756398876
forecast_mapping:
  CRUDE_W:
    a_param: 1.2031066946432698
    b_param: 1.8472054802451825
    threshold: 6.973764342843118
  DAX:
    a_param: 1.2362127148524176
    b_param: 2.0118690949887457
    threshold: 7.7108036707593754
forecast_scalars:
  carry: 33.77302935961999
  ewmac16_64: 4.658562915300761
  ewmac2_8: 13.941969024216647
  ewmac32_128: 3.143243924158074
  ewmac4_16: 9.75877075411225
  ewmac64_256: 2.1411321344255216
  ewmac8_32: 6.793963425584927
forecast_weights:
  BUXL:
    carry: 0.6851325109751496
    ewmac16_64: 0.10542010458005259
    ewmac2_8: 6.883287267496038e-16
    ewmac32_128: 0.10472369222239858
    ewmac4_16: 7.054801227130095e-17
    ewmac64_256: 0.10472369222239858
    ewmac8_32: 1.4394398999563788e-18
  CARBON:
    carry: 5.909190130368516e-18
    ewmac16_64: 0.2110285396275944
    ewmac2_8: 2.198754025360207e-18
    ewmac32_128: 0.3944857301862018
    ewmac4_16: 1.230886850351295e-20
    ewmac64_256: 0.3944857301862018
    ewmac8_32: 3.2039337659676135e-17
  CRUDE_W:
    carry: 0.6154376263808291
    ewmac16_64: 0.04715105602993139
    ewmac2_8: 9.638725419414429e-18
    ewmac32_128: 0.16870565879461805
    ewmac4_16: 3.2453008018530343e-17
    ewmac64_256: 0.16870565879461805
    ewmac8_32: 2.428861655624672e-18
  DAX:
    carry: 0.4338137024846345
    ewmac16_64: 0.11215435024183039
    ewmac2_8: 1.8735934877524672e-17
    ewmac32_128: 0.12259461863392113
    ewmac4_16: 0.10564343815651506
    ewmac64_256: 0.13037920621401328
    ewmac8_32: 0.09541468426908635
  EUROSTX:
    carry: 0.5535743490918519
    ewmac16_64: 0.0914960781431894
    ewmac2_8: 2.430236487443168e-19
    ewmac32_128: 0.10134253760567441
    ewmac4_16: 0.07000804659187172
    ewmac64_256: 0.10841582860929123
    ewmac8_32: 0.07516315995812581
  GILT:
    carry: 0.6108487675318275
    ewmac16_64: 0.047768897230072174
    ewmac2_8: 6.718957747184975e-17
    ewmac32_128: 0.1706911676190505
    ewmac4_16: 4.259905429532946e-17
    ewmac64_256: 0.17069116761904882
    ewmac8_32: 1.114787387547577e-17
  GOLD:
    carry: 0.5173677803937798
    ewmac16_64: 0.0922515261790102
    ewmac2_8: 0.00747722435428399
    ewmac32_128: 0.10114579805669037
    ewmac4_16: 0.09445978255611508
    ewmac64_256: 0.10854520573203444
    ewmac8_32: 0.07875268272808349
  HANG:
    carry: 0.5409773954766268
    ewmac16_64: 0.0930329132320037
    ewmac2_8: 7.863228201595816e-18
    ewmac32_128: 0.10210548495519
    ewmac4_16: 0.07719634401751115
    ewmac64_256: 0.10883938328935773
    ewmac8_32: 0.07784847902931198
  NASDAQ:
    carry: 0.438682511196728
    ewmac16_64: 0.09456664725682658
    ewmac2_8: 0.05689390055214793
    ewmac32_128: 0.1028450430957731
    ewmac4_16: 0.1139027279958174
    ewmac64_256: 0.11002947338642291
    ewmac8_32: 0.08307969651628544
  US30:
    carry: 0.6834667102212425
    ewmac16_64: 0.10592208166069148
    ewmac2_8: 9.782468160383783e-16
    ewmac32_128: 0.10530560405903373
    ewmac4_16: 5.469877968210154e-17
    ewmac64_256: 0.10530560405903373
    ewmac8_32: 7.274433743061899e-19
instrument_div_multiplier: 2.290678431716777
instrument_weights:
  BUXL: 0.11638015099180091
  CARBON: 0.10091521806781742
  CRUDE_W: 0.10091521899612568
  DAX: 0.057046954230652154
  EUROSTX: 0.057046954230652154
  GILT: 0.06710260292994458
  GOLD: 0.14537635466741525
  HANG: 0.18272342732304062
  NASDAQ: 0.10617788490287086
  US30: 0.06631523365968078
