instruments: ['GOLD','NASDAQ','NZD','BUXL']
forecast_div_multiplier:
  BUXL: 1.303193390252179
  GOLD: 1.4812923679964232
  NASDAQ: 1.528140268367702
  NZD: 1.000000000000016
forecast_mapping: {}
forecast_scalars:
  carry: 32.8847857012294
  ewmac16_64: 4.619502674704513
  ewmac2_8: 13.87110343804308
  ewmac32_128: 3.084585735330454
  ewmac4_16: 9.690214033377403
  ewmac64_256: 2.022846659076928
  ewmac8_32: 6.747262110161916
forecast_weights:
  BUXL:
    carry: 0.6848567453829711
    ewmac16_64: 0.10557785482550622
    ewmac2_8: 2.6297730482192996e-16
    ewmac32_128: 0.10478269989576164
    ewmac4_16: 1.7276202916772219e-16
    ewmac64_256: 0.10478269989576164
    ewmac8_32: 1.3605652559671275e-18
  GOLD:
    carry: 0.4698800643901297
    ewmac16_64: 0.09929070352600691
    ewmac2_8: 0.011425289378041367
    ewmac32_128: 0.10979313686507144
    ewmac4_16: 0.10116704625363857
    ewmac64_256: 0.12055012598946015
    ewmac8_32: 0.08789363359765141
  NASDAQ:
    carry: 0.397391027675781
    ewmac16_64: 0.10161897358789955
    ewmac2_8: 0.053252972524452526
    ewmac32_128: 0.11171362911228068
    ewmac4_16: 0.12079126141469375
    ewmac64_256: 0.12292285204360782
    ewmac8_32: 0.09230928364128502
  NZD:
    carry: 0.9999999999999948
    ewmac16_64: 2.4778343862431196e-19
    ewmac2_8: 3.2252560338954853e-18
    ewmac32_128: 1.9986621104109658e-17
    ewmac4_16: 2.878044775100177e-23
    ewmac64_256: 2.2680053790421713e-17
    ewmac8_32: 3.2252202511501624e-18
instrument_div_multiplier: 1.8900521656541838
instrument_weights:
  BUXL: 0.26330717412313276
  GOLD: 0.18120621002954906
  NASDAQ: 0.3742804108459285
  NZD: 0.18120620500138973
